{
    "shadowVal": {
        "x": 1.0,
        "y": 0.7764706015586853,
        "z": 0.3333333432674408,
        "w": 0.0
    },
    "midtoneVal": {
        "x": 0.27301210165023806,
        "y": 0.2337963879108429,
        "z": 1.0,
        "w": 0.0
    },
    "highlightVal": {
        "x": 1.0,
        "y": 0.6668580174446106,
        "z": 0.7965660095214844,
        "w": 0.0
    },
    "contrast": -46.0,
    "postExposure": 0.25,
    "hueShift": 55.0,
    "saturation": -34.0,
    "temp": 22.0,
    "tint": -48.0
}